28478
28425
28417
28372
28367
28338
28335
28255
28245
28243
28154
28153
28150
28124
28041
28033
27975
27911
27883
27869
27841
27807
27749
27731
27685
27633
27568
27551
27498
27483
27428
27407
27378
27327
27272
27223
27197
27146
27052
26905
26869
26818
26776
26749
26638
26553
26420
26365
26345
26302
26268
26216
26112
26070
25929
25837
25701
25677
25652
25610
25568
25494
25473
25431
25398
25339
25294
25254
25235
25125
25069
24672
24508
24390
24369
24177
24139
24021
23887
23594
23469
23432
23405
23327
23267
23112
23057
22894
22720
22644
22593
22458
22449
22327
22297
22250
22175
22153
22105
22034
21992
21966
21902
21868
21850
21833
21798
21739
21710
21671
21644
21612
21576
21548
21532
21473
21427
21410
21389
21278
21254
21187
21168
21089
21084
21051
20981
20929
20912
20879
20843
20799
20755
20706
20643
20612
20571
20549
20473
20435
20321
20288
20216
20143
20033
19943
19892
19876
19855
19831
19812
19743
19658
19657
19630
19604
19522
19478
19470
19459
19458
19434
19219
19152
18978
18865
18717
18686
18669
18631
18510
18474
18393
18341
18299
18285
18257
18195
18095
18042
18034
17965
17926
17895
17838
17679
17620
17596
17562
17553
17445
17435
17374
17281
17263
17148
17061
17031
17002
16937
16917
16888
16827
16810
16752
16684
16653
16600
16495
16472
16456
16409
16386
16352
16269
16186
16146
16135
16112
16066
16008
15890
15823
15806
15760
15759
15733
15697
15662
15628
15603
15558
15534
15530
15489
15431
15409
15348
15297
15246
15219
15193
15179
15134
15095
15030
14998
14984
14952
14918
14864
14841
14824
14795
14756
14728
14622
14613
14586
14561
14532
14428
14395
14285
14265
14174
14107
14077
14055
14051
14002
13991
13945
13886
13866
13832
13802
13762
13715
13666
13587
13338
13308
13211
13148
13067
13050
13014
12990
12970
12897
12831
12780
12652
12632
12613
12485
12457
12277
12195
12138
12095
12059
11926
11906
11887
11863
11843
11818
11712
11687
11682
11605
11599
11542
11535
11521
11484
11320
11268
11238
11217
11197
11171
11161
11150
11145
11115
11042
10961
10916
10858
10790
10769
10742
10722
10690
10611
10588
10576
10515
10408
10389
10379
10362
10338
10309
10118
10097
10062
10032
10001
9951
9927
9907
9871
9825
9771
9746
9637
9588
9571
9545
9520
9497
9459
9441
9377
9359
9334
9306
9295
9281
9275
9254
9192
9171
9164
8952
8911
8900
8864
8852
8830
8753
8672
8508
8469
8449
8426
8394
8370
8336
8304
8289
8245
8197
8169
8155
8138
8103
8069
8061
8041
7992
7981
7978
7940
7938
7807
7789
7725
7694
7680
7641
7571
7526
7505
7462
7422
7408
7364
7355
7343
7300
7193
7176
7146
7094
7077
7054
6977
6963
6952
6935
6916
6879
6867
6822
6801
6763
6733
6731
6708
6689
6670
6643
6620
6602
6576
6564
6499
6473
6441
6440
6438
6424
6409
6408
6379
6302
6300
6289
6277
6262
6257
5909
5873
5844
5807
5752
5685
5681
5498
5421
5400
5398
5397
5299
5290
5267
5124
5120
5085
5052
4976
4957
4931
4925
4916
4895
4887
4881
4692
4622
4605
4566
4561
4546
4504
4494
4456
4422
4379
4373
4352
4338
4326
4293
4284
4132
4121
4036
3838
3810
3793
3739
3722
3639
3629
3580
3536
3522
3492
3484
3468
3423
3402
3365
3326
3261
3197
3190
3172
3164
3149
3118
3091
3088
3080
3058
3001
2934
2907
2891
2887
2874
2861
2854
2843
2830
2778
2614
2613
2603
2581
2562
2551
2545
2522
2502
2489
2474
2473
2472
2465
2459
2458
2456
2453
2402
2375
2374
2370
2362
2306
2167
2143
2127
1928
1876
1858
1760
1736
1726
1708
1643
1642
1628
1594
1561
1500
1451
1409
1375
1360
1272
1218
1175
1142
1130
1112
1107
1085
1070
1064
1039
1023
1006
997
983
982
946
938
913
902
869
864
855
829
819
808
806
780
764
762
749
729
715
689
685
683
668
660
649
634
633
629
627
601
599
579
570
564
561
545
538
524
510
507
476
436
431
426
413
372
370
318
313
310
303
292
286
206
199
188
169
136
122
119
107
85
81
75
61
58
49
40
38
32
28
27
26
19
15
13
12
6